Number of passes: 20:
Sample paths per pass: 1:
==========================================================================================
Pass              LB             UB^           UB_hw       F time       B time    Wall time
==========================================================================================
  0    -1.00000e+05     2.08071e+09     0.00000e+00         0.40         0.00         0.40
  1     2.24012e+09     2.70213e+09     0.00000e+00         0.28         2.90         3.58
  2     2.25949e+09     2.44696e+09     0.00000e+00         0.28         2.92         6.79
  3     2.25952e+09     2.03405e+09     0.00000e+00         0.29         2.91         9.98
  4     2.25953e+09     2.35715e+09     0.00000e+00         0.28         2.97        13.24
  5     2.25965e+09     2.41679e+09     0.00000e+00         0.30         3.05        16.59
  6     2.25970e+09     2.24589e+09     0.00000e+00         0.28         3.13        20.00
  7     2.26779e+09     2.02591e+09     0.00000e+00         0.30         3.10        23.41
  8     2.29055e+09     2.60206e+09     0.00000e+00         0.29         3.23        26.92
  9     2.29056e+09     2.21716e+09     0.00000e+00         0.29         3.05        30.26
 10     2.29421e+09     2.08893e+09     0.00000e+00         0.30         3.17        33.73
 11     2.31552e+09     2.46965e+09     0.00000e+00         0.30         3.22        37.24
 12     2.31557e+09     2.58237e+09     0.00000e+00         0.30         3.17        40.71
 13     2.31719e+09     2.76534e+09     0.00000e+00         0.30         3.22        44.23
 14     2.31719e+09     2.38337e+09     0.00000e+00         0.32         3.21        47.76
 15     2.31719e+09     2.93456e+09     0.00000e+00         0.31         3.24        51.31
 16     2.31724e+09     2.41342e+09     0.00000e+00         0.33         3.25        54.89
 17     2.31725e+09     2.10176e+09     0.00000e+00         0.33         3.41        58.64
 18     2.31725e+09     2.48689e+09     0.00000e+00         0.32         3.35        62.31
 19     2.31725e+09     2.14632e+09     0.00000e+00         0.31         3.32        65.94
Time profiling
           Pass        # LPs        setup      simplex       output   cut update      cut gen        other        total
        Forward         2000         0.92         0.82         0.58         0.18         0.00         3.64         6.13
       Backward        56430        24.80         8.42         8.39         4.54         4.90         8.75        59.81

