Number of passes: 20:
Sample paths per pass: 1:
==========================================================================================
Pass              LB             UB^           UB_hw       F time       B time    Wall time
==========================================================================================
  0    -1.00000e+05     2.08071e+09     0.00000e+00         0.43         0.00         0.43
  1     2.24012e+09     2.69639e+09     0.00000e+00         0.20         4.06         4.69
  2     2.25959e+09     2.44121e+09     0.00000e+00         0.18         3.80         8.67
  3     2.25961e+09     2.06361e+09     0.00000e+00         0.19         3.87        12.73
  4     2.25963e+09     2.34908e+09     0.00000e+00         0.21         3.84        16.77
  5     2.25971e+09     2.42315e+09     0.00000e+00         0.20         3.93        20.90
  6     2.25972e+09     2.22724e+09     0.00000e+00         0.19         4.11        25.20
  7     2.25973e+09     1.99262e+09     0.00000e+00         0.27         4.27        29.75
  8     2.25982e+09     2.60284e+09     0.00000e+00         0.27         4.79        34.81
  9     2.28519e+09     2.23812e+09     0.00000e+00         0.26         4.19        39.27
 10     2.30970e+09     2.10426e+09     0.00000e+00         0.22         4.87        44.36
 11     2.30970e+09     2.48304e+09     0.00000e+00         0.26         4.64        49.26
 12     2.30979e+09     2.59508e+09     0.00000e+00         0.22         4.23        53.71
 13     2.30988e+09     2.76543e+09     0.00000e+00         0.21         4.44        58.37
 14     2.31101e+09     2.40815e+09     0.00000e+00         0.25         4.13        62.74
 15     2.31480e+09     2.93705e+09     0.00000e+00         0.22         4.22        67.17
 16     2.31487e+09     2.41399e+09     0.00000e+00         0.29         4.52        71.98
 17     2.31502e+09     2.10882e+09     0.00000e+00         0.22         4.74        76.94
 18     2.31512e+09     2.48242e+09     0.00000e+00         0.21         4.35        81.50
 19     2.31513e+09     2.15565e+09     0.00000e+00         0.20         4.21        85.91
Time profiling
           Pass        # LPs        setup      simplex       output   cut update      cut gen        other        total
        Forward         2000         1.55         1.02         1.14         0.01         0.00         1.00         4.71
       Backward        56430        40.77         8.76        15.80         0.15        15.07         0.65        81.20

Number of passes: 10:
Sample paths per pass: 2:
==========================================================================================
Pass              LB             UB^           UB_hw       F time       B time    Wall time
==========================================================================================
  0    -1.00000e+05     2.35110e+09     3.82394e+08         0.55         0.00         0.55
  1     2.29771e+09     2.34742e+09     2.68304e+08         0.40         7.80         8.75
  2     2.31277e+09     2.48021e+09     6.33541e+07         0.39         7.79        16.94
  3     2.31283e+09     2.22464e+09     9.56660e+07         0.41         7.69        25.04
  4     2.31287e+09     2.45304e+09     2.62759e+08         0.43         8.14        33.61
  5     2.31403e+09     2.30446e+09     2.70401e+08         0.45        10.31        44.37
  6     2.31415e+09     2.70746e+09     1.27562e+08         0.49         9.51        54.37
  7     2.31420e+09     2.68805e+09     3.64029e+08         0.47         8.75        63.59
  8     2.31425e+09     2.26557e+09     2.13258e+08         0.51         8.21        72.31
  9     2.31425e+09     2.32632e+09     2.18112e+08         0.49         8.66        81.46
Time profiling
           Pass        # LPs        setup      simplex       output   cut update      cut gen        other        total
        Forward         2000         1.47         1.03         1.08         0.01         0.00         1.00         4.58
       Backward        53460        38.45         8.80        14.78         0.14        14.14         0.57        76.88
       
Number of passes: 20:
Sample paths per pass: 30:
==========================================================================================
Pass              LB             UB^           UB_hw       F time       B time    Wall time
==========================================================================================
  0    -1.00000e+05     2.38391e+09     9.90036e+07         6.01         0.00         6.01
  1     2.31224e+09     2.41101e+09     8.20991e+07         6.68       118.14       130.82
  2     2.31326e+09     2.35388e+09     8.85702e+07         8.28       133.39       272.49
  3     2.31553e+09     2.34237e+09     9.61616e+07         8.97       153.32       434.79
  4     2.31553e+09     2.24806e+09     9.62318e+07        11.21       154.10       600.11
  5     2.31554e+09     2.28955e+09     9.77141e+07        10.85       198.57       809.53
  6     2.31558e+09     2.39156e+09     9.26394e+07        12.00       183.40      1004.92
  7     2.31559e+09     2.26810e+09     1.20969e+08        11.06       190.89      1206.87
  8     2.31827e+09     2.36931e+09     1.16244e+08        13.12       192.74      1412.73
  9     2.31827e+09     2.33284e+09     1.24326e+08        12.22       275.40      1700.36
 10     2.31862e+09     2.27661e+09     9.21122e+07        16.28       216.89      1933.53
 11     2.31862e+09     2.29237e+09     1.17577e+08        15.65       226.73      2175.91
 12     2.31949e+09     2.32370e+09     1.14016e+08        18.80       261.47      2456.18
 13     2.31949e+09     2.40811e+09     1.06848e+08        17.92       285.34      2759.43
 14     2.31949e+09     2.23885e+09     8.73227e+07        20.55       293.65      3073.63
 15     2.31949e+09     2.30338e+09     9.96897e+07        17.88       325.29      3416.80
 16     2.31951e+09     2.37637e+09     1.48424e+08        19.32       299.09      3735.20
 17     2.31951e+09     2.31149e+09     9.97935e+07        24.10       357.34      4116.64
 18     2.31967e+09     2.27504e+09     1.13888e+08        25.32       360.12      4502.08
 19     2.31967e+09     2.32515e+09     1.31135e+08        26.99       405.38      4934.45
Time profiling
           Pass        # LPs        setup      simplex       output   cut update      cut gen        other        total
        Forward        60000        50.45       129.48        88.64         0.30         0.00        34.34       303.21
       Backward      1692900      1291.61      1222.37      1594.45         5.96       476.29        40.56      4631.24

