CS T = 100
Warm start on
Number of passes: 20:
Sample paths per pass: 10:
==========================================================================================
Pass              LB             UB^           UB_hw       F time       B time    Wall time
==========================================================================================
  0    -1.00000e+05     7.38682e+06     5.88796e+05         0.27         0.00         0.27
  1     5.15281e+06     8.53218e+06     7.88146e+05         0.41         1.02         1.69
  2     5.15281e+06     7.37467e+06     7.91893e+05         0.41         1.39         3.49
  3     6.27815e+06     5.98964e+06     8.34686e+05         0.54         1.46         5.50
  4     6.28170e+06     6.29954e+06     5.09217e+05         0.62         1.74         7.86
  5     6.34305e+06     6.76303e+06     6.92174e+05         0.71         2.00        10.56
  6     6.34326e+06     6.27528e+06     4.10914e+05         0.80         2.23        13.59
  7     6.34370e+06     6.45067e+06     7.93915e+05         0.89         2.49        16.98
  8     6.39835e+06     6.51969e+06     6.36247e+05         0.98         2.76        20.71
  9     6.42241e+06     6.88335e+06     8.50630e+05         1.04         3.03        24.77
 10     6.42241e+06     5.77333e+06     5.42507e+05         1.17         3.35        29.29
 11     6.42422e+06     6.52251e+06     6.73978e+05         1.22         3.58        34.09
 12     6.44474e+06     6.59367e+06     8.12611e+05         1.31         3.84        39.25
 13     6.44494e+06     6.33404e+06     7.26837e+05         1.41         4.11        44.77
 14     6.44602e+06     5.48823e+06     6.21381e+05         1.48         4.40        50.65
 15     6.44625e+06     5.89342e+06     9.10132e+05         1.57         4.86        57.08
 16     6.45248e+06     6.74142e+06     5.63157e+05         1.69         4.93        63.70
 17     6.45253e+06     6.35190e+06     7.92724e+05         1.73         5.30        70.73
 18     6.45343e+06     6.09565e+06     6.46932e+05         1.83         5.55        78.11
 19     6.45346e+06     7.24679e+06     6.05403e+05         1.98         5.87        85.95
Time profiling
           Pass        # LPs        setup      simplex       output   cut update      cut gen        other        total
        Forward        20000         1.00         2.84         4.68        11.29         0.00         2.23        22.05
       Backward        56430         2.56         7.03        11.19        26.93        13.39         2.81        63.90

Warm start off
Number of passes: 20:
Sample paths per pass: 10:
==========================================================================================
Pass              LB             UB^           UB_hw       F time       B time    Wall time
==========================================================================================
  0    -1.00000e+05     7.38682e+06     5.88796e+05         0.41         0.00         0.41
  1     5.15281e+06     8.47362e+06     7.15868e+05         0.52         1.49         2.42
  2     5.15281e+06     7.90351e+06     8.56115e+05         0.68         1.85         4.95
  3     5.46268e+06     6.38568e+06     7.50676e+05         0.76         2.16         7.86
  4     5.77903e+06     6.39001e+06     6.45570e+05         0.86         2.43        11.15
  5     5.77930e+06     6.52197e+06     8.94921e+05         0.98         2.76        14.89
  6     6.24931e+06     6.31000e+06     4.00773e+05         1.07         3.02        18.98
  7     6.24931e+06     6.55312e+06     8.05458e+05         1.20         3.35        23.53
  8     6.25150e+06     6.50545e+06     6.32551e+05         1.30         3.65        28.49
  9     6.34489e+06     7.00083e+06     9.53514e+05         1.40         4.02        33.91
 10     6.34568e+06     5.76360e+06     5.56830e+05         1.52         4.31        39.75
 11     6.34612e+06     6.50487e+06     6.93141e+05         1.60         4.63        45.98
 12     6.38423e+06     6.64057e+06     8.20733e+05         1.68         4.96        52.61
 13     6.38423e+06     6.43920e+06     7.41248e+05         1.76         5.25        59.62
 14     6.39953e+06     5.60635e+06     5.09268e+05         1.87         5.65        67.15
 15     6.39953e+06     5.98021e+06     8.62671e+05         2.01         5.56        74.72
 16     6.43449e+06     6.82040e+06     5.79953e+05         2.09         6.24        83.05
 17     6.43449e+06     6.36618e+06     8.05191e+05         2.19         6.27        91.52
 18     6.43518e+06     6.08781e+06     6.32169e+05         2.49         6.94       100.94
 19     6.44428e+06     7.27522e+06     5.89504e+05         2.58         7.39       110.91
Time profiling
           Pass        # LPs        setup      simplex       output   cut update      cut gen        other        total
        Forward        20000         0.99        10.45         4.50        10.82         0.00         2.22        28.98
       Backward        56430         2.52        26.84        10.75        25.68        13.23         2.90        81.93
